     9.04167     36.7917          90     68.7609
     9.79167     36.7917         112     22891.8
     8.70833     36.7083          92     206.357
     8.79167     36.7083          84     481.924
       9.375      36.625          65     18326.1
     5.54167     36.5417          78     137.895
     5.29167     36.4583          82     276.384
     8.70833     36.2917          77     10170.5
      -5.875     34.9583          51     2040.04
    -5.20833      34.625          24     70.6559
    -2.95833      34.625          56     49805.4
    -4.79167      34.125          45      71.079
      -5.875     34.0417          71     213.377
      -4.625      33.875          89      5511.9
      -8.125      33.125         115     1951.29
    -8.04167     32.9583         109     34749.5
    -7.95833     32.7083          88     216.879
      -5.875     32.7083          55      4036.2
      -7.625     32.4583          30     72.4499
    -6.45833      32.125          41     7415.14
    -6.79167     31.7917          72     1680.07
    -7.29167      31.625          79     292.581
      -8.125      31.375          86     2132.21
    -6.79167      30.875          62     14705.4
      32.875     23.9583           3 2.69382e+06
     31.7917     18.4583          11 2.27927e+06
     32.4583     15.2083          25 1.59247e+06
      35.875     14.9583          42     165.907
      35.875     14.2917         113     97156.8
     38.7083      13.375          15     30417.7
      33.875     13.2917          47      231626
    -10.4583     13.2083          12     29336.5
      34.375     11.7917          28      189419
    -8.20833      11.625          32     34570.5
   -0.541667     11.4583          36     35918.8
      37.625     11.4583          13     16975.7
    0.708333      11.125          33     168.475
     -12.625     10.5417          38     2870.11
    -13.2917     10.4583           7     12735.9
     11.4583     10.2917          52     337.972
    -12.9583     10.0417          75     338.148
     -13.125     9.95833         107     845.566
       6.875     9.95833          18     84.5696
       4.625       9.875           8 1.59071e+06
     12.0417     9.70833          61     53524.4
     7.54167       9.625          48      3724.2
     37.2083       9.625          68     84.6546
      37.375     9.54167          59     1524.57
     4.79167       9.125          23     9338.71
    -11.7083     9.04167          69     339.225
     13.7083     9.04167          17     31162.2
       9.375       8.875          95     1949.76
     38.7083     8.79167          58     1780.92
      39.125     8.45833          34     1951.99
    -13.2083       8.375         101     84.9476
      39.375       8.375          99     12986.4
    -2.20833     8.29167          10      130366
     37.2917       7.875          50     595.219
     1.45833     7.45833          35     16141.2
     3.29167     7.29167          73     170.322
     39.4583     7.20833          54     4345.85
    -5.45833     7.04167           6     33004.9
     37.2917       6.875           9     255.708
   0.0416667     6.29167           4     1280.45
    -7.04167     6.20833          16     256.106
      -5.125     6.20833          60     341.466
      -6.625     5.79167          87     63219.7
    -3.20833       5.625          57     7933.98
     10.4583     4.04167         108      130288
      10.125     3.79167         111      134486
      35.375       1.875          37      2746.7
      31.125     1.54167         132     944.205
      10.375       0.625          76      3090.7
      33.125    0.458333         128      230873
     33.2083    0.458333           1      171.72
      37.875      -0.625          63     10388.7
     37.7083   -0.791667          83     429.285
     37.7917   -0.791667         105     7984.81
      37.625      -0.875          39     5752.48
     13.5417    -1.79167          67     9007.23
      29.625    -1.95833          49     3260.12
      28.875    -2.54167         117     7636.92
      16.125    -2.95833          64     16720.6
     37.4583    -3.79167          46     14225.9
     13.7917      -3.875         130     7028.03
      14.875    -4.79167         125 3.34116e+06
      38.625    -5.29167         116     256.515
      38.625      -5.375         119     39895.7
      13.625    -5.54167         102 3.36535e+06
     36.0417      -7.125          27     71667.9
     21.2083      -7.375          91     255.459
     36.9583    -7.70833          81     83671.8
      36.375      -8.375         124     84.9476
     20.4583    -8.79167         123     254.582
      15.125    -9.70833          66     338.576
     14.4583    -9.79167         103      845.76
     15.4583    -9.79167          21      112004
     25.4583    -10.2917          97     25029.3
     25.4583    -10.5417          29     759.335
     27.2083    -10.7083          44     590.715
     27.2917    -10.7083          96     11788.5
     16.5417    -12.2083          93     83.9215
     13.7083    -12.4583         114     18573.1
      14.125    -12.7917         129     83.7323
      15.875    -13.4583          31     5771.08
     28.7917    -14.7083          94     7730.37
     32.7083    -15.7083           5     82.6565
     26.0417    -15.7917          22      109166
     28.5417     -15.875          53      155674
     28.7083    -16.5417           2      675531
     14.2083     -17.375          20      492.08
     47.9583    -18.9583         131     81.2056
     47.7083    -19.0417          85     1459.61
      33.125     -19.125          40     3246.71
      47.875    -19.2917          74      81.042
     33.4583    -19.5417         120     6244.84
      32.125    -25.2083          43     7083.86
     31.2917    -26.0417          70      6869.1
     31.2083     -26.375          98     76.9254
     28.4583    -28.7917         110     75.2486
     24.7083    -29.9583          26     91058.8
     25.5417     -30.625          19     71427.9
     27.7083    -31.7917          80     2196.24
